"Within slides correlation using all spots"
"None_B"	"PTLOess_B"	"Composite_B"	"None_NB"	"PTLOess_NB"	"Composite_NB"
"GA013-001.txt"	0.91	0.687	0.797	0.934	0.723	0.838
"GA013-002.txt"	0.874	0.759	0.778	0.906	0.783	0.811
"GA013-003.txt"	0.912	0.887	0.887	0.925	0.901	0.901
"GA013-005.txt"	0.777	0.633	0.634	0.825	0.665	0.67
"GA013-006.txt"	0.83	0.696	0.721	0.873	0.731	0.764
"GA013-007.txt"	0.85	0.791	0.803	0.845	0.811	0.812
"GA013-008.txt"	0.919	0.811	0.851	0.94	0.835	0.88
"GA013-009.txt"	0.95	0.771	0.874	0.961	0.792	0.897
"GA013-011.txt"	0.927	0.807	0.853	0.943	0.821	0.874
"GA013-012.txt"	0.879	0.822	0.829	0.9	0.833	0.845
" "
"Mean Absolute between slides correlation for every slide."
"None_B"	"PTLOess_B"	"Composite_B"	"None_NB"	"PTLOess_NB"	"Composite_NB"
"GA013-001.txt"	0.486	0.109	0.221	0.537	0.109	0.269
"GA013-002.txt"	0.451	0.265	0.25	0.514	0.264	0.236
"GA013-003.txt"	0.314	0.384	0.354	0.342	0.386	0.351
"GA013-005.txt"	0.37	0.128	0.159	0.449	0.126	0.189
"GA013-006.txt"	0.384	0.284	0.287	0.445	0.285	0.3
"GA013-007.txt"	0.175	0.176	0.16	0.131	0.174	0.154
"GA013-008.txt"	0.397	0.297	0.265	0.452	0.298	0.281
"GA013-009.txt"	0.517	0.234	0.272	0.561	0.234	0.316
"GA013-011.txt"	0.425	0.329	0.249	0.487	0.33	0.266
"GA013-012.txt"	0.371	0.307	0.295	0.436	0.307	0.289
" "
"Correlation matrix for Backg. corr. composite norm with back. corr."
"GA013-001"	"GA013-002"	"GA013-003"	"GA013-005"	"GA013-006"	"GA013-007"	"GA013-008"	"GA013-009"	"GA013-011"	"GA013-012"
"GA013-001"	1	0.192	0.019	0.146	0.199	-0.301	0.13	0.647	0.264	0.092
"GA013-002"	0.192	1	0.531	-0.144	-0.107	-0.175	-0.087	0.397	-0.07	0.549
"GA013-003"	0.019	0.531	1	0.269	-0.493	0.145	-0.417	0.263	-0.325	0.726
"GA013-005"	0.146	-0.144	0.269	1	0.115	0.226	0.075	0.215	0.101	0.143
"GA013-006"	0.199	-0.107	-0.493	0.115	1	0.08	0.602	0.12	0.603	-0.26
"GA013-007"	-0.301	-0.175	0.145	0.226	0.08	1	0.009	-0.314	0.115	-0.079
"GA013-008"	0.13	-0.087	-0.417	0.075	0.602	0.009	1	0.171	0.58	-0.316
"GA013-009"	0.647	0.397	0.263	0.215	0.12	-0.314	0.171	1	-0.006	0.311
"GA013-011"	0.264	-0.07	-0.325	0.101	0.603	0.115	0.58	-0.006	1	-0.18
"GA013-012"	0.092	0.549	0.726	0.143	-0.26	-0.079	-0.316	0.311	-0.18	1
" "
"Control Values comp norm: GUS."
"GA013-001"	"GA013-002"	"GA013-003"	"GA013-005"	"GA013-006"	"GA013-007"	"GA013-008"	"GA013-009"	"GA013-011"	"GA013-012"
"1"	2.967	4.009	3.06	-4.106	-4.362	-5.059	-3.017	2.942	-3.454	2.981
"2"	3.167	3.909	3.025	-4.026	-4.31	-4.761	-2.892	3.036	-3.258	2.989
"3"	2.672	3.87	2.697	-4.536	-4.218	-4.984	-3.014	3.191	-3.299	3.027
"4"	2.735	4.11	2.707	-4.803	-4.407	-5.288	-3.101	3.102	-3.107	2.934
"5"	2.749	3.161	2.78	-4.006	-4.019	-4.559	-2.636	3.225	-3.167	2.993
"6"	2.748	3.301	2.952	-3.748	-4.082	-4.671	-2.852	3.27	-3.313	2.856
"7"	3.221	4.258	3.081	-4.111	-4.336	-5.154	-2.036	2.85	-2.909	3.029
"8"	2.96	4.343	2.981	-3.784	-4.094	-4.562	-1.838	3.137	-3.161	2.937
" "
"Control Values comp norm: ptMYB5."
"GA013-001"	"GA013-002"	"GA013-003"	"GA013-005"	"GA013-006"	"GA013-007"	"GA013-008"	"GA013-009"	"GA013-011"	"GA013-012"
"1"	0.058	0.382	-0.251	-0.591	0.108	-0.473	-0.033	-0.374	0.137	-0.005
"2"	0.004	0.424	-0.327	-0.727	0.173	-0.403	-0.205	-0.416	0.191	0.036
" "
"Control Values comp norm: ptHB4."
"GA013-001"	"GA013-002"	"GA013-003"	"GA013-005"	"GA013-006"	"GA013-007"	"GA013-008"	"GA013-009"	"GA013-011"	"GA013-012"
" "
"Confidence interval on controls BAR,BT,Globin,pECE-1. Comp norm with back. corr"
"Lower"	"Upper"
"GA013-001.txt"	0.1445	0.2617
"GA013-002.txt"	0.0542	0.189
"GA013-003.txt"	-0.0413	0.0946
"GA013-005.txt"	-0.0659	0.1593
"GA013-006.txt"	0.0536	0.2206
"GA013-007.txt"	-0.118	0.0466
"GA013-008.txt"	0.0847	0.1965
"GA013-009.txt"	0.1735	0.2641
"GA013-011.txt"	0.1008	0.2266
"GA013-012.txt"	0.0239	0.104
" "
"Correlation matrix for Backg. corr. comp. norm. using only spot with M values outside confid. int."
"GA013-001"	"GA013-002"	"GA013-003"	"GA013-005"	"GA013-006"	"GA013-007"	"GA013-008"	"GA013-009"	"GA013-011"	"GA013-012"
"GA013-001"	1	-0.002	-0.083	-0.038	-0.032	-0.313	-0.262	0.46	-0.043	-0.014
"GA013-002"	-0.002	1	0.579	-0.278	-0.366	-0.136	-0.351	0.348	-0.398	0.583
"GA013-003"	-0.083	0.579	1	0.358	-0.602	0.277	-0.523	0.276	-0.437	0.805
"GA013-005"	-0.038	-0.278	0.358	1	0.082	0.466	0.004	0.036	0.083	0.177
"GA013-006"	-0.032	-0.366	-0.602	0.082	1	0.199	0.598	-0.187	0.58	-0.446
"GA013-007"	-0.313	-0.136	0.277	0.466	0.199	1	0.162	-0.317	0.278	0.027
"GA013-008"	-0.262	-0.351	-0.523	0.004	0.598	0.162	1	-0.223	0.523	-0.519
"GA013-009"	0.46	0.348	0.276	0.036	-0.187	-0.317	-0.223	1	-0.571	0.305
"GA013-011"	-0.043	-0.398	-0.437	0.083	0.58	0.278	0.523	-0.571	1	-0.38
"GA013-012"	-0.014	0.583	0.805	0.177	-0.446	0.027	-0.519	0.305	-0.38	1
" "
"Within slides correlation using spots outside conf. int."
"Composite_B_TRunc"
"GA013-001.txt"	0.808
"GA013-002.txt"	0.817
"GA013-003.txt"	0.922
"GA013-005.txt"	0.764
"GA013-006.txt"	0.756
"GA013-007.txt"	0.862
"GA013-008.txt"	0.868
"GA013-009.txt"	0.873
"GA013-011.txt"	0.87
"GA013-012.txt"	0.86
